n = 7

log RMSE
[[5099468.98229278  704116.94113743 4782985.41765986]
 [ 894580.18162717  224632.05522726  468481.86664726]
 [1731549.05111766  709145.09629248 1345276.41212348]
 [1414603.08084044  528895.44038423 1115930.12886373]
 [1921024.4668786   942713.19669436 1574265.16094018]
 [1993578.82075451  961196.39955175 1626092.30530914]
 [1700503.62830211  790027.06214442 1397065.64811497]]

Lin RMSE
[[ 722002.44042466  111941.2994468   175664.12623633]
 [ 771575.56668127  113569.79393662  224858.22141153]
 [2627732.56464578 1014006.37807054 2291841.15971255]
 [2102414.31989531  742666.70811137 1844690.22434956]
 [2726524.94752485 1080706.18654592 2446634.79847677]
 [3277736.33547096 1130210.66715118 3020368.60860152]
 [2893726.98296991  928364.09531925 2686199.27315247]]